bbaeColor_e0d4eff3fe5b4fa7899503f6a6aabc08 = [0.6000096202, 0.2118017673, 0.639139235, 1.0];
bbaeColor_8e33ce4ebf2945d9827dd5af2205cf63 = [0.941192627, 0.3176667392, 0.3254765272, 1.0];
bbaeColor_2195e5f0dd17487898e8b977e8016e4d = [0.9411352277, 0.760820806, 0.3097859323, 1.0];
bbaeColor_f454387e82c54279a9c125866085c959 = [0.2428965867, 0.6392484903, 0.4234703779, 1.0];
bbaeColor_8d2bad4e35db48be9247bfef9ad418a5 = [0.5215489864, 0.4039741158, 0.9998781085, 1.0];
bbaeColor_b0c0ce2c85d143f49a22ab3591434c1f = [0.8038505912, 0.8039670587, 0.8038250804, 1.0];
bbaeColor_9ffffc7189554b5c9731a7d1dcfb9621 = [0.3137254901960784, 0.3137254901960784, 0.3137254901960784, 1.0];
bbaeColor_198bfebd8d9f4cd5b0508507a4d7981c = [0.13333333333333333, 0.19215686274509802, 0.32941176470588235, 1.0];
